Depth 2
312645078
312405678
312645078
312645078
Depth 4
312475680
142358670
312475680
142375680
032415678
Depth 6
142307685
320615748
125348067
312408657
142705368
Depth 8
235104678
312508467
140652738
162305748
350421678
Depth 10
425138067
041362785
125378460
184302657
025371468
Depth 12
142675830
312867045
430215678
053412678
341205678
Depth 14
162804375
542138067
254106738
432675810
351807462
Depth 16
158634072
320514687
318602457
362705481
215306478
Depth 18
625714083
250314687
032764185
415368720
285304167
Depth 20
057284136
085237146
763821450
087312465
451702638